MIN=0	0	0	-0.1	0	0	
MAX=15	30	10	13	30	5	
SCALE=5	10	5	5	10	1	
DEC=1	2	2	2	2	2	
DEF="Time" t / s	"Voltage" U_A1 / V	"Voltage" U_B1 / V	"Collector Current" I_A / nA	"Acceleration Voltage" U_2 / V	"Frequency" f / Hz	
0	0.39	-0.02	-0.02	3.9	NAN	
0.1	0.03	-0.045	-0.045	0.3	NAN	
0.201	0.195	-0.04	-0.04	1.95	NAN	
0.301	0.09	-0.035	-0.035	0.9	NAN	
0.401	0.135	-0.035	-0.035	1.35	NAN	
0.501	0.12	-0.025	-0.025	1.2	NAN	
0.601	0.135	-0.025	-0.025	1.35	NAN	
0.701	0.165	-0.04	-0.04	1.65	NAN	
0.801	0.195	-0.035	-0.035	1.95	NAN	
0.901	0.225	-0.025	-0.025	2.25	NAN	
1.001	0.255	-0.02	-0.02	2.55	NAN	
1.101	0.27	-0.02	-0.02	2.7	NAN	
1.201	0.3	-0.01	-0.01	3	NAN	
1.301	0.33	0.025	0.025	3.3	NAN	
1.401	0.36	0.11	0.11	3.6	NAN	
1.501	0.39	0.085	0.085	3.9	NAN	
1.601	0.405	0.095	0.095	4.05	NAN	
1.701	0.42	0.34	0.34	4.2	NAN	
1.801	0.45	0.24	0.24	4.5	NAN	
1.901	0.48	0.44	0.44	4.8	NAN	
2.001	0.51	0.575	0.575	5.1	NAN	
2.101	0.525	0.615	0.615	5.25	NAN	
2.201	0.555	0.69	0.69	5.55	NAN	
2.301	0.585	0.575	0.575	5.85	NAN	
2.401	0.615	0.41	0.41	6.15	NAN	
2.501	0.645	0.265	0.265	6.45	NAN	
2.601	0.66	0.19	0.19	6.6	NAN	
2.701	0.69	0.135	0.135	6.9	NAN	
2.801	0.72	0.06	0.06	7.2	NAN	
2.901	0.735	0.125	0.125	7.35	NAN	
3.001	0.765	0.195	0.195	7.65	NAN	
3.101	0.795	0.135	0.135	7.95	NAN	
3.201	0.81	0.3	0.3	8.1	NAN	
3.301	0.84	0.345	0.345	8.4	NAN	
3.401	0.87	0.59	0.59	8.7	NAN	
3.501	0.9	0.755	0.755	9	NAN	
3.601	0.93	0.98	0.98	9.3	NAN	
3.701	0.945	1.215	1.215	9.45	NAN	
3.801	0.975	1.495	1.495	9.75	NAN	
3.901	1.005	1.75	1.75	10.05	NAN	
4.001	1.035	1.885	1.885	10.35	NAN	
4.101	1.05	1.62	1.62	10.5	NAN	
4.201	1.065	1.215	1.215	10.65	NAN	
4.301	1.095	0.88	0.88	10.95	NAN	
4.401	1.125	0.535	0.535	11.25	NAN	
4.501	1.155	0.345	0.345	11.55	NAN	
4.601	1.185	0.175	0.175	11.85	NAN	
4.701	1.2	0.245	0.245	12	NAN	
4.801	1.23	0.3	0.3	12.3	NAN	
4.901	1.26	0.325	0.325	12.6	NAN	
5.001	1.29	0.55	0.55	12.9	NAN	
5.101	1.32	0.74	0.74	13.2	NAN	
5.201	1.335	0.95	0.95	13.35	NAN	
5.301	1.365	1.175	1.175	13.65	NAN	
5.401	1.395	1.39	1.39	13.95	NAN	
5.501	1.41	1.73	1.73	14.1	NAN	
5.601	1.44	2.18	2.18	14.4	NAN	
5.701	1.455	2.595	2.595	14.55	NAN	
5.801	1.485	2.86	2.86	14.85	NAN	
5.901	1.515	3.07	3.07	15.15	NAN	
6.001	1.545	2.79	2.79	15.45	NAN	
6.101	1.575	2.195	2.195	15.75	NAN	
6.201	1.59	1.57	1.57	15.9	NAN	
6.301	1.62	0.985	0.985	16.2	NAN	
6.401	1.65	0.705	0.705	16.5	NAN	
6.501	1.68	0.515	0.515	16.8	NAN	
6.601	1.71	0.495	0.495	17.1	NAN	
6.701	1.725	0.455	0.455	17.25	NAN	
6.801	1.74	0.6	0.6	17.4	NAN	
6.901	1.77	0.865	0.865	17.7	NAN	
7.001	1.8	1.105	1.105	18	NAN	
7.101	1.83	1.39	1.39	18.3	NAN	
7.201	1.845	1.755	1.755	18.45	NAN	
7.301	1.875	2.16	2.16	18.75	NAN	
7.401	1.905	2.57	2.57	19.05	NAN	
7.501	1.935	3.08	3.08	19.35	NAN	
7.601	1.95	3.595	3.595	19.5	NAN	
7.701	1.98	4.04	4.04	19.8	NAN	
7.801	2.01	4.335	4.335	20.1	NAN	
7.901	2.04	4	4	20.4	NAN	
8.001	2.07	3.38	3.38	20.7	NAN	
8.101	2.07	2.72	2.72	20.7	NAN	
8.201	2.1	2.05	2.05	21	NAN	
8.301	2.13	1.35	1.35	21.3	NAN	
8.401	2.16	1.015	1.015	21.6	NAN	
8.501	2.19	0.9	0.9	21.9	NAN	
8.601	2.205	0.88	0.88	22.05	NAN	
8.701	2.235	0.955	0.955	22.35	NAN	
8.801	2.265	1.125	1.125	22.65	NAN	
8.901	2.295	1.4	1.4	22.95	NAN	
9.001	2.325	1.84	1.84	23.25	NAN	
9.101	2.34	2.265	2.265	23.4	NAN	
9.201	2.37	2.67	2.67	23.7	NAN	
9.301	2.4	3.235	3.235	24	NAN	
9.401	2.415	3.865	3.865	24.15	NAN	
9.501	2.445	4.515	4.515	24.45	NAN	
9.601	2.46	5.145	5.145	24.6	NAN	
9.701	2.49	5.46	5.46	24.9	NAN	
9.801	2.52	5.46	5.46	25.2	NAN	
9.901	2.55	5.075	5.075	25.5	NAN	
10.001	2.58	4.39	4.39	25.8	NAN	
10.101	2.595	3.495	3.495	25.95	NAN	
10.201	2.625	2.775	2.775	26.25	NAN	
10.301	2.655	2.19	2.19	26.55	NAN	
10.401	2.685	1.715	1.715	26.85	NAN	
10.501	2.715	1.58	1.58	27.15	NAN	
10.601	2.73	1.57	1.57	27.3	NAN	
10.701	2.745	1.67	1.67	27.45	NAN	
10.801	2.775	1.855	1.855	27.75	NAN	
10.901	2.805	2.19	2.19	28.05	NAN	
11.001	2.835	2.63	2.63	28.35	NAN	
11.101	2.85	3.235	3.235	28.5	NAN	
11.201	2.88	3.855	3.855	28.8	NAN	
11.301	2.91	4.58	4.58	29.1	NAN	
11.401	2.94	5.375	5.375	29.4	NAN	
11.501	2.955	6.055	6.055	29.55	NAN	
11.601	2.985	6.615	6.615	29.85	NAN	
11.701	3.015	6.84	6.84	30.15	NAN	
11.801	3.045	6.72	6.72	30.45	NAN	
11.901	3.075	6.26	6.26	30.75	NAN	
12.001	3.075	5.465	5.465	30.75	NAN	
12.101	3.105	4.655	4.655	31.05	NAN	
12.201	3.135	3.985	3.985	31.35	NAN	
12.301	3.165	3.325	3.325	31.65	NAN	
12.401	3.195	2.985	2.985	31.95	NAN	
12.501	3.195	2.945	2.945	31.95	NAN	
12.601	3.195	2.995	2.995	31.95	NAN	
12.701	3.195	2.955	2.955	31.95	NAN	
