MIN=0	0	0	-0.1	0	0	
MAX=15	30	10	13	30	5	
SCALE=5	10	5	5	10	1	
DEC=1	2	2	2	2	2	
DEF="Time" t / s	"Voltage" U_A1 / V	"Voltage" U_B1 / V	"Collector Current" I_A / nA	"Acceleration Voltage" U_2 / V	"Frequency" f / Hz	
0	0.36	0.46	0.46	3.6	NAN	
0.1	0.195	0.07	0.07	1.95	NAN	
0.2	0.075	0.285	0.285	0.75	NAN	
0.3	0.06	0.04	0.04	0.6	NAN	
0.4	0.15	0.165	0.165	1.5	NAN	
0.5	0.12	1.19	1.19	1.2	NAN	
0.6	0.165	0.155	0.155	1.65	NAN	
0.7	0.165	0.21	0.21	1.65	NAN	
0.8	0.195	0.19	0.19	1.95	NAN	
0.9	0.225	0.135	0.135	2.25	NAN	
1	0.24	0.14	0.14	2.4	NAN	
1.1	0.27	0.155	0.155	2.7	NAN	
1.2	0.3	0.18	0.18	3	NAN	
1.3	0.33	0.2	0.2	3.3	NAN	
1.4	0.345	0.22	0.22	3.45	NAN	
1.5	0.375	0.3	0.3	3.75	NAN	
1.6	0.39	0.525	0.525	3.9	NAN	
1.7	0.435	0.495	0.495	4.35	NAN	
1.8	0.45	0.865	0.865	4.5	NAN	
1.9	0.51	0.88	0.88	5.1	NAN	
2	0.525	0.98	0.98	5.25	NAN	
2.1	0.525	0.99	0.99	5.25	NAN	
2.2	0.555	1.095	1.095	5.55	NAN	
2.3	0.585	1.035	1.035	5.85	NAN	
2.4	0.615	0.88	0.88	6.15	NAN	
2.5	0.63	0.67	0.67	6.3	NAN	
2.6	0.66	0.51	0.51	6.6	NAN	
2.7	0.69	0.485	0.485	6.9	NAN	
2.8	0.72	0.405	0.405	7.2	NAN	
2.9	0.735	0.4	0.4	7.35	NAN	
3	0.75	0.41	0.41	7.5	NAN	
3.1	0.78	0.485	0.485	7.8	NAN	
3.2	0.81	0.49	0.49	8.1	NAN	
3.3	0.84	0.62	0.62	8.4	NAN	
3.4	0.87	0.77	0.77	8.7	NAN	
3.5	0.885	0.945	0.945	8.85	NAN	
3.6	0.915	1.155	1.155	9.15	NAN	
3.7	0.945	1.4	1.4	9.45	NAN	
3.8	0.975	1.695	1.695	9.75	NAN	
3.9	1.005	2.045	2.045	10.05	NAN	
4	1.02	2.3	2.3	10.2	NAN	
4.1	1.05	2.37	2.37	10.5	NAN	
4.2	1.065	2.035	2.035	10.65	NAN	
4.3	1.095	1.54	1.54	10.95	NAN	
4.4	1.125	1.025	1.025	11.25	NAN	
4.5	1.14	0.705	0.705	11.4	NAN	
4.6	1.17	0.545	0.545	11.7	NAN	
4.7	1.2	0.45	0.45	12	NAN	
4.8	1.23	0.455	0.455	12.3	NAN	
4.9	1.26	0.53	0.53	12.6	NAN	
5	1.275	0.645	0.645	12.75	NAN	
5.1	1.305	0.85	0.85	13.05	NAN	
5.2	1.335	1.065	1.065	13.35	NAN	
5.3	1.365	1.295	1.295	13.65	NAN	
5.4	1.395	1.66	1.66	13.95	NAN	
5.5	1.395	1.995	1.995	13.95	NAN	
5.6	1.425	2.27	2.27	14.25	NAN	
5.7	1.455	2.735	2.735	14.55	NAN	
5.8	1.485	3.12	3.12	14.85	NAN	
5.9	1.515	3.425	3.425	15.15	NAN	
6	1.53	3.42	3.42	15.3	NAN	
6.1	1.56	2.945	2.945	15.6	NAN	
6.2	1.59	2.395	2.395	15.9	NAN	
6.3	1.62	1.625	1.625	16.2	NAN	
6.4	1.65	1.12	1.12	16.5	NAN	
6.5	1.665	0.79	0.79	16.65	NAN	
6.6	1.695	0.66	0.66	16.95	NAN	
6.7	1.725	0.665	0.665	17.25	NAN	
6.8	1.74	0.68	0.68	17.4	NAN	
6.9	1.77	0.86	0.86	17.7	NAN	
7	1.785	1.1	1.1	17.85	NAN	
7.1	1.815	1.345	1.345	18.15	NAN	
7.2	1.845	1.68	1.68	18.45	NAN	
7.3	1.875	2.065	2.065	18.75	NAN	
7.4	1.905	2.535	2.535	19.05	NAN	
7.5	1.92	3.06	3.06	19.2	NAN	
7.6	1.95	3.595	3.595	19.5	NAN	
7.7	1.98	4.145	4.145	19.8	NAN	
7.8	2.01	4.665	4.665	20.1	NAN	
7.9	2.025	4.595	4.595	20.25	NAN	
8	2.055	4.165	4.165	20.55	NAN	
8.1	2.07	3.51	3.51	20.7	NAN	
8.2	2.1	2.645	2.645	21	NAN	
8.3	2.13	1.945	1.945	21.3	NAN	
8.4	2.145	1.4	1.4	21.45	NAN	
8.5	2.175	1.09	1.09	21.75	NAN	
8.6	2.205	1.02	1.02	22.05	NAN	
8.7	2.235	0.935	0.935	22.35	NAN	
8.8	2.265	1.045	1.045	22.65	NAN	
8.9	2.28	1.28	1.28	22.8	NAN	
9	2.31	1.61	1.61	23.1	NAN	
9.1	2.34	1.99	1.99	23.4	NAN	
9.2	2.37	2.54	2.54	23.7	NAN	
9.3	2.4	3.015	3.015	24	NAN	
9.4	2.4	3.64	3.64	24	NAN	
9.5	2.43	4.395	4.395	24.3	NAN	
9.6	2.46	5.07	5.07	24.6	NAN	
9.7	2.49	5.485	5.485	24.9	NAN	
9.8	2.52	5.695	5.695	25.2	NAN	
9.9	2.535	5.62	5.62	25.35	NAN	
10	2.565	4.955	4.955	25.65	NAN	
10.1	2.595	4.195	4.195	25.95	NAN	
10.2	2.625	3.37	3.37	26.25	NAN	
10.3	2.64	2.62	2.62	26.4	NAN	
10.4	2.67	2.14	2.14	26.7	NAN	
10.5	2.7	1.68	1.68	27	NAN	
10.6	2.73	1.43	1.43	27.3	NAN	
10.7	2.745	1.54	1.54	27.45	NAN	
10.8	2.775	1.685	1.685	27.75	NAN	
10.9	2.79	1.955	1.955	27.9	NAN	
11	2.82	2.245	2.245	28.2	NAN	
11.1	2.85	2.82	2.82	28.5	NAN	
11.2	2.88	3.305	3.305	28.8	NAN	
11.3	2.895	3.985	3.985	28.95	NAN	
11.4	2.925	4.745	4.745	29.25	NAN	
11.5	2.955	5.52	5.52	29.55	NAN	
11.6	2.985	6.3	6.3	29.85	NAN	
11.7	3.015	6.865	6.865	30.15	NAN	
11.8	3.03	6.82	6.82	30.3	NAN	
11.9	3.06	6.525	6.525	30.6	NAN	
12	3.075	6.03	6.03	30.75	NAN	
12.1	3.105	5.095	5.095	31.05	NAN	
12.2	3.135	4.34	4.34	31.35	NAN	
12.3	3.15	3.62	3.62	31.5	NAN	
12.4	3.18	3.07	3.07	31.8	NAN	
12.5	3.195	3.175	3.175	31.95	NAN	
12.6	3.195	3.12	3.12	31.95	NAN	
12.7	3.195	3.115	3.115	31.95	NAN	
12.8	3.195	3.17	3.17	31.95	NAN	
12.9	3.195	3.11	3.11	31.95	NAN	
13	3.195	3.105	3.105	31.95	NAN	
13.1	3.195	3.105	3.105	31.95	NAN	
13.2	3.195	3.05	3.05	31.95	NAN	
13.3	3.195	3.055	3.055	31.95	NAN	
13.4	3.195	3.055	3.055	31.95	NAN	
13.5	3.195	3.045	3.045	31.95	NAN	
13.6	3.195	3.05	3.05	31.95	NAN	
13.7	3.195	3.095	3.095	31.95	NAN	
13.8	3.195	3.095	3.095	31.95	NAN	
13.9	3.195	3.09	3.09	31.95	NAN	
